C7 1 1
E4 1 1
1E 1 1
A3 1 1
43 1 1
22 1 1
AE 1 1
E7 1 1
6E 0 0
3B 1 1
1E 1 1
5A 1 1
3B 1 1
20 1 1
0E 1 1
EF 1 1
8C 0 0
B3 1 1
DF 0 0
3A 1 1
EF 1 1
B4 1 1
0C 1 1
EF 1 1
E4 1 1
1E 0 0
5B 1 1
59 0 0
7F 1 1
7E 1 1
DB 0 0
43 0 0
C7 1 1
B4 1 1
7F 1 1
D3 1 1
A0 1 1
DA 1 1
69 0 0
48 1 1
B4 0 0
0E 0 0
C7 1 1
DF 0 0
EC 1 1
79 1 0
38 1 1
B4 1 0
A4 1 1
B4 1 1
90 1 1
B3 1 1
A6 1 1
5B 1 1
38 1 1
E4 1 1
32 0 0
AA 1 1
3A 0 0
6F 0 0
22 1 1
43 1 1
1E 1 1
77 0 0
F8 1 1
79 1 1
1E 1 1
3D 1 1
90 1 1
6C 1 1
6C 1 1
79 1 1
0C 1 0
AB 1 1
8D 1 1
ED 1 1
96 0 0
C7 1 1
C7 1 1
6F 0 0
21 1 1
CA 1 1
6F 1 0
01 1 1
ED 1 1
3D 1 1
7F 0 0
FB 1 1
31 1 1
B0 1 1
3D 1 1
B0 1 1
4E 1 1
F0 1 1
83 1 1
C7 1 1
A0 1 1
38 1 1
8B 1 1
59 0 0
FB 1 1
8B 1 1
F8 1 1
F4 1 1
36 1 1
AE 1 1
FF 0 0
6F 1 0
4E 1 1
A0 1 1
69 1 1
FB 1 1
5B 1 1
C5 1 1
77 1 1
3B 1 1
D4 0 0
DA 1 1
B2 1 1
82 1 1
26 1 1
91 1 1
A1 1 1
B7 1 1
C3 1 1
7C 1 1
48 1 1
8C 1 1
0E 1 1
3D 1 1
90 1 1
3E 1 1
90 1 1
FA 0 0
91 1 1
69 1 1
8D 1 1
C5 1 1
60 1 1
8C 1 1
FD 0 0
4B 1 1
32 1 1
79 1 1
C8 0 0
69 0 0
DF 0 0
5B 1 1
EF 0 0
D3 0 0
20 0 0
82 1 1
7A 0 0
54 1 1
5A 0 0
C7 1 1
77 1 1
90 1 1
C8 1 0
3E 1 1
4B 1 1
7C 1 1
AA 1 1
43 0 0
87 0 0
E6 0 0
21 0 0
B9 1 1
5A 1 0
22 1 1
A4 0 0
1C 0 0
4E 1 1
35 1 1
F6 0 0
5F 1 1
3E 1 1
1E 1 0
A6 1 0
BE 1 1
01 1 1
83 1 1
48 1 1
60 1 1
E6 1 0
8B 1 1
D9 1 1
5B 1 1
C5 0 0
92 0 0
31 0 0
F2 1 1
E6 0 0
54 0 0
1C 1 0
21 1 0
1E 1 1
C4 1 1
8D 0 0
C8 1 0
0A 0 0
5B 1 1
E0 1 1
76 1 1
60 1 1
43 0 0
63 0 0
7A 0 0
93 1 1
5A 0 0
83 1 1
CA 1 1
08 0 0
77 1 0
41 1 1
21 1 1
EC 1 0
CA 1 0
63 1 0
50 1 1
E9 0 0
38 1 1
69 1 1
20 1 1
BE 0 0
C5 1 0
7D 1 0
A7 1 1
42 0 0
7F 1 0
86 0 0
9D 0 0
21 0 0
8A 1 1
1E 0 0
87 1 1
F4 1 0
